# transform file /media/myelin/brainmappers/MyelinMapping_Project/Templates/ChimpYerkes29/mri/transforms/cc_up.lta
# created by brainmappers on Thu Apr 19 19:32:34 2012

type      = 0
nxforms   = 1
mean      = 128.0000 123.0000 121.0000
sigma     = 10000.0000
1 4 4
9.999535083770752e-01 7.032135035842657e-03 -6.589819211512804e-03 1.261075735092163e+00 
-7.031982298940420e-03 9.999752640724182e-01 4.634164361050352e-05 3.188886260986328e+01 
6.589982658624649e-03 1.818989403545856e-12 9.999783039093018e-01 1.664964407682419e-01 
0.000000000000000e+00 0.000000000000000e+00 0.000000000000000e+00 1.000000000000000e+00 
src volume info
valid = 1  # volume info valid
filename = /media/myelin/brainmappers/MyelinMapping_Project/Templates/ChimpYerkes29/mri/norm.mgz
volume = 256 256 256
voxelsize = 1.000000000000000e+00 1.000000000000000e+00 1.000000000000000e+00
xras   = -1.000000000000000e+00 0.000000000000000e+00 0.000000000000000e+00
yras   = 0.000000000000000e+00 0.000000000000000e+00 -1.000000000000000e+00
zras   = 0.000000000000000e+00 1.000000000000000e+00 0.000000000000000e+00
cras   = -1.000000000000000e+00 -9.000000000000000e+00 -4.000000000000000e+00
dst volume info
valid = 1  # volume info valid
filename = /media/myelin/brainmappers/MyelinMapping_Project/Templates/ChimpYerkes29/mri/norm.mgz
volume = 256 256 256
voxelsize = 1.000000000000000e+00 1.000000000000000e+00 1.000000000000000e+00
xras   = -1.000000000000000e+00 0.000000000000000e+00 0.000000000000000e+00
yras   = 0.000000000000000e+00 0.000000000000000e+00 -1.000000000000000e+00
zras   = 0.000000000000000e+00 1.000000000000000e+00 0.000000000000000e+00
cras   = -1.000000000000000e+00 -9.000000000000000e+00 -4.000000000000000e+00
